0.5	0.11460183660255174320496962536708451807498931884765625
0.333333333333333314829616256247390992939472198486328125	0.0787044007051156402354763486073352396488189697265625
0.25	0.05989595424961058345303399619297124445438385009765625
0.200000000000000011102230246251565404236316680908203125	0.04833336505529917115353555345791392028331756591796875
0.1666666666666666574148081281236954964697360992431640625	0.040509269887034182744400823139585554599761962890625
0.142857142857142849212692681248881854116916656494140625	0.0348639497935943065698438658728264272212982177734375
0.125	0.03059896022532393455861665643169544637203216552734375
0.111111111111111104943205418749130330979824066162109375	0.02726337541890000437661001342348754405975341796875
0.1000000000000000055511151231257827021181583404541015625	0.02458333382934141386755300118238665163516998291015625
0.0909090909090909116141432377844466827809810638427734375	0.022382920390180860437112642102874815464019775390625
0.08333333333333332870740406406184774823486804962158203125	0.0205439816475976311238582638907246291637420654296875
0.076923076923076927347011633173679001629352569580078125	0.01898422101006203011053230511606670916080474853515625
0.0714285714285714246063463406244409270584583282470703125	0.01764455788900642918548555826419033110141754150390625
0.06666666666666666574148081281236954964697360992431640625	0.0164814815250282631353684337227605283260345458984375
0.0625	0.0154622396128989425534427937236614525318145751953125
0.05882352941176470506601248189326724968850612640380859375	0.014561707056305550622710143215954303741455078125
0.0555555555555555524716027093745651654899120330810546875	0.01376028808042750739559778594411909580230712890625
0.052631578947368418130992040460114367306232452392578125	0.01304247461811514074980777877499349415302276611328125
0.05000000000000000277555756156289135105907917022705078125	0.01239583334108385059835200081579387187957763671875
0.047619047619047616404230893749627284705638885498046875	0.0118102796732062476081637214520014822483062744140625
0.04545454545454545580707161889222334139049053192138671875	0.011277548213741273031018863548524677753448486328125
0.0434782608695652161845401906248298473656177520751953125	0.0107908002553986914762162996339611709117889404296875
0.041666666666666664353702032030923874117434024810791015625	0.010344328706299421583025832660496234893798828125
0.040000000000000000832667268468867405317723751068115234375	0.009933333335365279737061428022570908069610595703125
0.0384615384615384636735058165868395008146762847900390625	0.0095537475361224810654903194517828524112701416015625
0.037037037037037034981068472916376776993274688720703125	0.00920210333918614065140673119458369910717010498046875
0.03571428571428571230317317031222046352922916412353515625	0.00887542517109729534041662191157229244709014892578125
0.03448275862068965469386938593743252567946910858154296875	0.0085711454625856386968507649726234376430511474609375
0.033333333333333332870740406406184774823486804962158203125	0.00828703703771760391560974312596954405307769775390625
0.0322580645161290313627233672377769835293292999267578125	0.008021158515993942472732669557444751262664794921875
0.03125	0.00777180989629544516361647765734232962131500244140625
0.0303030303030303038713810792614822275936603546142578125	0.0075374961742438184586490024230442941188812255859375
0.029411764705882352533006240946633624844253063201904296875	0.0073168973474952991864483919925987720489501953125
0.0285714285714285705364279266404992085881531238555908203125	0.00710884353768481691560054969158954918384552001953125
0.02777777777777777623580135468728258274495601654052734375	0.0069122942389110431093968145432882010936737060546875
0.027027027027027028527328411655616946518421173095703125	0.00672632091570346535291946565848775207996368408203125
0.0263157894736842090654960202300571836531162261962890625	0.0065500923362680207873154358821921050548553466796875
0.025641025641025640136039243088816874660551548004150390625	0.00638286215223382580319366752519272267818450927734375
0.025000000000000001387778780781445675529539585113525390625	0.00622395833345468219022222911007702350616455078125
0.024390243902439025236450476086247363127768039703369140625	0.00607277414247986424555847406736575067043304443359375
0.0238095238095238082021154468748136423528194427490234375	0.00592876039313650071704842048347927629947662353515625
0.02325581395348837177028400446943123824894428253173828125	0.0057914187850072185170802185893990099430084228515625
0.022727272727272727903535809446111670695245265960693359375	0.005660296143318976902492067893035709857940673828125
0.0222222222222222230703092549219945794902741909027099609375	0.00553497942392799924249402465648017823696136474609375
0.02173913043478260809227009531241492368280887603759765625	0.005415091367412028233729870407842099666595458984375
0.0212765957446808505471036454537170357070863246917724609375	0.00530028670594606676758075991529040038585662841796875
0.0208333333333333321768510160154619370587170124053955078125	0.0051902488426331938597968473914079368114471435546875
0.0204081632653061208204636756136096664704382419586181640625	0.00508468693603492116750430795946158468723297119140625
0.0200000000000000004163336342344337026588618755340576171875	0.004983333333365091988298445357941091060638427734375
0.01960784313725490168867082729775574989616870880126953125	0.0048859413046546951164827987668104469776153564453125
0.01923076923076923183675290829341975040733814239501953125	0.00479228303750056650045507922186516225337982177734375
0.0188679245283018860723789345001932815648615360260009765625	0.0047021478580975273331432617851532995700836181640625
0.0185185185185185174905342364581883884966373443603515625	0.00461534064931157228528491032193414866924285888671875
0.018181818181818180935049866775443661026656627655029296875	0.004531680440789553898639496765099465847015380859375
0.017857142857142856151586585156110231764614582061767578125	0.0044509991496759493401214058394543826580047607421875
0.017543859649122806043664013486704789102077484130859375	0.0043731404534874673828426239197142422199249267578125
0.017241379310344827346934692968716262839734554290771484375	0.0042979587792439932769639199250377714633941650390625
0.0169491525423728812971280177634980645962059497833251953125	0.00422531839510875695253844241960905492305755615234375
0.0166666666666666664353702032030923874117434024810791015625	0.00415509259260316010653468765667639672756195068359375
0.0163934426229508205252738406443313579075038433074951171875	0.00408716294903765930968120301258750259876251220703125
0.01612903225806451568136168361888849176466464996337890625	0.004021418661125597537875364650972187519073486328125
0.015873015873015872134743631249875761568546295166015625	0.00395775594189096135977479207213036715984344482421875
0.015625	0.00389607747396514270121770096011459827423095703125
0.015384615384615385469402326634735800325870513916015625	0.003836291913221767657660166150890290737152099609375
0.01515151515151515193569053963074111379683017730712890625	0.0037783134374105298292079169186763465404510498046875
0.01492537313432835792414987707843465614132583141326904296875	0.00372206133512087422587910623406060039997100830078125
0.0147058823529411762665031204733168124221265316009521484375	0.0036674596309163032259448300465010106563568115234375
0.01449275362318840597308788886721231392584741115570068359375	0.0036144367429857826579109314479865133762359619140625
0.01428571428571428526821396332024960429407656192779541015625	0.00356292517007250619798242041724734008312225341796875
0.01408450704225352144438598855913369334302842617034912109375	0.00351286120479132879523831434198655188083648681640625
0.013888888888888888117900677343641291372478008270263671875	0.00346418467078546399307015235535800457000732421875
0.013698630136986300609436284503317438066005706787109375	0.00341683868143205504708248554379679262638092041015625
0.0135135135135135142636642058278084732592105865478515625	0.00337076941806990770800211976165883243083953857421875
0.01333333333333333418913024814855816657654941082000732421875	0.00332592592592872993151331684202887117862701416015625
0.01315789473684210453274801011502859182655811309814453125	0.00328225992613351280624556238763034343719482421875
0.0129870129870129878690843128197229816578328609466552734375	0.003239725642325108623253981932066380977630615234375
0.0128205128205128200680196215444084373302757740020751953125	0.00319827964058971847549628364504314959049224853515625
0.01265822784810126562515808501530045759864151477813720703125	0.00315788068151656720061737360083498060703277587890625
0.0125000000000000006938893903907228377647697925567626953125	0.00311848958333527104258564577321521937847137451171875
0.012345679012345678327022824305458925664424896240234375	0.0030800690951604536849117721430957317352294921875
0.0121951219512195126182252380431236815638840198516845703125	0.003042583779497842755290548666380345821380615234375
0.0120481927710843379764060756542676244862377643585205078125	0.0030059999032288065023976741940714418888092041015625
0.01190476190476190410105772343740682117640972137451171875	0.00297028533635834701698286153259687125682830810546875
0.01176470588235294101320249637865344993770122528076171875	0.00293540945790227159051255512167699635028839111328125
0.011627906976744185885142002234715619124472141265869140625	0.00290134306832678934284786009811796247959136962890625
0.01149425287356321823128979531247750855982303619384765625	0.00286805830801173389232872068532742559909820556640625
0.0113636363636363639517679047230558353476226329803466796875	0.00283552858126834284036021927022375166416168212890625
0.0112359550561797749690384762288886122405529022216796875	0.0028037284854616206786204202217049896717071533203125
0.01111111111111111153515462746099728974513709545135498046875	0.0027726337448565896437457922729663550853729248046875
0.01098901098901098986881930130721229943446815013885498046875	0.00274222114881528256091769435442984104156494140625
0.010869565217391304046135047656207461841404438018798828125	0.00271246849401463041573379086912609636783599853515625
0.0107526881720430116107234397304637241177260875701904296875	0.0026833545303901473744190298020839691162109375
0.01063829787234042527355182272685851785354316234588623046875	0.0026548589105181985559056556667201220989227294921875
0.01052631578947368397314310328738429234363138675689697265625	0.0026269621421983746500927736633457243442535400390625
0.01041666666666666608842550800773096852935850620269775390625	0.0025996455439825094657635418116115033626556396484375
0.01030927835051546372080455427067136042751371860504150390625	0.0025728912034581608025973764597438275814056396484375
0.01020408163265306041023183780680483323521912097930908203125	0.0025466819380819405438387548201717436313629150390625
0.01010101010101010186870151841276310733519494533538818359375	0.00252100125837539934536835062317550182342529296875
0.01000000000000000020816681711721685132943093776702880859375	0.00249583333333391887975949430256150662899017333984375
0.00990099009900990111032736962215494713746011257171630859375	0.002471162957880412847089246497489511966705322265625
0.009803921568627450844335413648877874948084354400634765625	0.0024469755222356059931598792900331318378448486328125
0.0097087378640776690608138466132004396058619022369384765625	0.00242325698306544712323784551699645817279815673828125
0.009615384615384615918376454146709875203669071197509765625	0.0023999938362926354074033952201716601848602294921875
0.009523809523809524668624959531371132470667362213134765625	0.00237717309145912825130153578356839716434478759765625
0.00943396226415094303618946725009664078243076801300048828125	0.00235478224753737919172635884024202823638916015625
0.00934579439252336378884944423361957888118922710418701171875	0.0023328092700964919714579082210548222064971923828125
0.00925925925925925874526711822909419424831867218017578125	0.00231124256973014308158553831162862479686737060546875
0.009174311926605505096432580103282816708087921142578125	0.0022900709816797704121427159407176077365875244140625
0.0090909090909090904675249333877218305133283138275146484375	0.0022692837465567716748182647279463708400726318359375
0.00900900900900900893086831189293661736883223056793212890625	0.0022488704921135305170309948152862489223480224609375
0.0089285714285714280757932925780551158823072910308837890625	0.0022288212159862208494587321183644235134124755859375
0.00884955752212389368249745302819064818322658538818359375	0.00220912626935054756671661380096338689327239990234375
0.0087719298245614030218320067433523945510387420654296875	0.002189776341438243179027267615310847759246826171875
0.00869565217391304358385273332032738835550844669342041015625	0.00217076244486491543028705564211122691631317138671875
0.0086206896551724136734673464843581314198672771453857421875	0.00215207590170474194479766083532012999057769775390625
0.0085470085470085478684953983474770211614668369293212890625	0.00213370833029002948677543827216140925884246826171875
0.00847457627118644064856400888174903229810297489166259765625	0.00211565163267313227635213479516096413135528564453125
0.00840336134453781476161271513092287932522594928741455078125	0.00209789798272297378645134813268668949604034423828125
0.00833333333333333321768510160154619370587170124053955078125	0.0020804398148148717240246696746908128261566162109375
0.0082644628099173556012857488894951529800891876220703125	0.002063269813082246884050618973560631275177001953125
0.00819672131147541026263692032216567895375192165374755859375	0.00204638090119113602582956445985473692417144775390625
0.00813008130081300899039131735435148584656417369842529296875	0.00202976623262196564922987818135879933834075927734375
0.008064516129032257840680841809444245882332324981689453125	0.00201341918140851561247473000548779964447021484375
0.008000000000000000166533453693773481063544750213623046875	0.0019973333333329623684448961284942924976348876953125
0.0079365079365079360673718156249378807842731475830078125	0.0019815024775347023222593634272925555706024169921875
0.00787401574803149595371820623768144287168979644775390625	0.00196592059850775324747473860043101012706756591796875
0.0078125	0.00195058186848984238537241253652609884738922119140625
0.00775193798449612392342800148981041274964809417724609375	0.0019354806401861157638677468639798462390899658203125
0.0076923076923076927347011633173679001629352569580078125	0.00192061143984234572457125977962277829647064208984375
0.007633587786259541686784135805510231875814497470855712890625	0.00190596896062766862911530552082695066928863525390625
0.007575757575757575967845269815370556898415088653564453125	0.00189154805632141265192558421404100954532623291015625
0.007518796992481202590141720065730623900890350341796875	0.00187734373527825848526617846800945699214935302734375
0.007462686567164178962074938539217328070662915706634521484375	0.00186335115467473055872460463433526456356048583984375
0.0074074074074074076901030849739981931634247303009033203125	0.00184956561499804994497253574081696569919586181640625
0.00735294117647058813325156023665840621106326580047607421875	0.001835982554787118914418897475115954875946044921875
0.00729927007299270048934491939007784822024405002593994140625	0.00182259754559854769695448339916765689849853515625
0.007246376811594202986543944433606156962923705577850341796875	0.0018094062871945038040166764403693377971649169921875
0.0071942446043165471369906782683756318874657154083251953125	0.0017964046029363966994196744053624570369720458984375
0.007142857142857142634106981660124802147038280963897705078125	0.00178358843537373967791381801362149417400360107421875
0.0070921985815602835157012151512390119023621082305908203125	0.001770953842026745661542008747346699237823486328125
0.007042253521126760722192994279566846671514213085174560546875	0.00175849699133767689573915049550123512744903564453125
0.006993006993006993000927540293787387781776487827301025390625	0.0017462141588013846416060914634726941585540771484375
0.0069444444444444440589503386718206456862390041351318359375	0.0017341017232512800916310879983939230442047119140625
0.00689655172413793093877387718748650513589382171630859375	0.00172215616329773890669230240746401250362396240234375
0.0068493150684931503047181422516587190330028533935546875	0.0017103740539188283520388722536154091358184814453125
0.006802721088435373895941804534004404558800160884857177734375	0.0016987520631837060847146858577616512775421142578125
0.00675675675675675713183210291390423662960529327392578125	0.00168728694911113308307903935201466083526611328125
0.006711409395973154216885614431475914898328483104705810546875	0.00167597555665677244718381189159117639064788818359375
0.006666666666666667094565124074279083288274705410003662109375	0.00166481481481495219298949450603686273097991943359375
0.006622516556291390722732703721931102336384356021881103515625	0.00165380173384177542317274856031872332096099853515625
0.006578947368421052266374005057514295913279056549072265625	0.00164293340258525599750782930641435086727142333984375
0.006535947712418300852010855095386432367376983165740966796875	0.00163220698591770574381598635227419435977935791015625
0.00649350649350649393454215640986149082891643047332763671875	0.00162161972226915196415575337596237659454345703125
0.006451612903225806446017021045236106147058308124542236328125	0.001611168921262784436976289725862443447113037109375
0.00641025641025641003400981077220421866513788700103759765625	0.00160085196142889518711172058829106390476226806640625
0.00636942675159235700832471849253124673850834369659423828125	0.001590666288017406060362191055901348590850830078125
0.006329113924050632812579042507650228799320757389068603515625	0.0015806094108850032853297307156026363372802734375
0.00628930817610062926903413682566679199226200580596923828125	0.00157067890246931352038473050924949347972869873046875
0.00625000000000000034694469519536141888238489627838134765625	0.0015608723958335790626961170346476137638092041015625
0.00621118012422360206425953066400325042195618152618408203125	0.00155118758278371959846708705299533903598785400390625
0.0061728395061728391635114121527294628322124481201171875	0.00154162221206088911884535264107398688793182373046875
0.006134969325153374376802251077833716408349573612213134765625	0.00153217408759587225830500756273977458477020263671875
0.00609756097560975630911261902156184078194200992584228515625	0.0015228410668257641447098649223335087299346923828125
0.006060606060606060600803868254615736077539622783660888671875	0.00151362105907548727401490396005101501941680908203125
0.00602409638554216898820303782713381224311888217926025390625	0.00150451202399992656211225039442069828510284423828125
0.00598802395209580874679833328855238505639135837554931640625	0.001495511970071472518384325667284429073333740234375
0.005952380952380952050528861718703410588204860687255859375	0.00148661895313662029138868092559278011322021484375
0.005917159763313609328883035942681090091355144977569580078125	0.00147783107500887300744807362207211554050445556640625
0.005882352941176470506601248189326724968850612640380859375	0.0014691464821219302194776901160366833209991455078125
0.005847953216374268681221337828901596367359161376953125	0.0014605633642259530091678243479691445827484130859375
0.0058139534883720929425710011173578095622360706329345703125	0.0014520799531279049432441752287559211254119873046875
0.005780346820809248269135149911335247452370822429656982421875	0.00144369452147785626294762550969608128070831298828125
0.005747126436781609115644897656238754279911518096923828125	0.0014354053816003631283138020080514252185821533203125
0.005714285714285714280757932925780551158823072910308837890625	0.00142721088435326937116087719914503395557403564453125
0.00568181818181818197588395236152791767381131649017333984375	0.00141910941804379575614802888594567775726318359375
0.0056497175141242937657093392544993548654019832611083984375	0.00141109940736494632318454023334197700023651123046875
0.00561797752808988748451923811444430612027645111083984375	0.00140317931237665671773129361099563539028167724609375
0.005586592178770949899957454221066655009053647518157958984375	0.00139534762751925001111885649152100086212158203125
0.005555555555555555767577313730498644872568547725677490234375	0.00138760288065864489936984682572074234485626220703125
0.00552486187845303844401456672130734659731388092041015625	0.00137994363216364934743296544183976948261260986328125
0.005494505494505494934409650653606149717234075069427490234375	0.00137236847401656092415578314103186130523681640625
0.005464480874316939885970700885309270233847200870513916015625	0.00136487602894408421860816815751604735851287841796875
0.0054347826086956520230675238281037309207022190093994140625	0.00135746494959010366443408202030695974826812744140625
0.005405405405405405705465682331123389303684234619140625	0.00135013391770133495128902723081409931182861328125
0.00537634408602150580536171986523186205886304378509521484375	0.0013428816433498358406950501375831663608551025390625
0.005347593582887700223993387993459691642783582210540771484375	0.001335706864174834862524221534840762615203857421875
0.005319148936170212636775911363429258926771581172943115234375	0.001328608344650650252560808439739048480987548828125
0.005291005291005290711581210416625253856182098388671875	0.0013215848753767023282534864847548305988311767578125
0.005263157894736841986571551643692146171815693378448486328125	0.00131463527239172872640438072266988456249237060546875
0.00523560209424083801421634376538349897600710391998291015625	0.00130775837650676240997427157708443701267242431640625
0.005208333333333333044212754003865484264679253101348876953125	0.0013009530526619794699172416585497558116912841796875
0.005181347150259067550759350950784209999255836009979248046875	0.0012942181893029758299462628201581537723541259765625
0.005154639175257731860402277135335680213756859302520751953125	0.001287552697772031962131222826428711414337158203125
0.005128205128205128200680196215444084373302757740020751953125	0.00128095551172491273206333062262274324893951416015625
0.005102040816326530205115918903402416617609560489654541015625	0.00127442558656076787571009845123626291751861572265625
0.00507614213197969503521544964996792259626090526580810546875	0.00126796189887234955762096433318220078945159912109375
0.005050505050505050934350759206381553667597472667694091796875	0.00126156344590722113707670359872281551361083984375
0.005025125628140703591684168571873669861815869808197021484375	0.0012552292450529467515707437996752560138702392578125
0.005000000000000000104083408558608425664715468883514404296875	0.00124895833333404926435150628094561398029327392578125
0.00497512437810945264138329235947821871377527713775634765625	0.0012427497669202924868159243487752974033355712890625
0.004950495049504950555163684811077473568730056285858154296875	0.0012366026206589442182348648202605545520782470703125
0.004926108374384236508747303417976581840775907039642333984375	0.0012305159876080384862007122137583792209625244140625
0.0049019607843137254221677068244389374740421772003173828125	0.00122448897859850358571520700934343039989471435546875
0.004878048780487804873817747619568763184361159801483154296875	0.00121852072179284842690094592398963868618011474609375
0.00485436893203883453040692330660021980293095111846923828125	0.00121261036227082730221127349068410694599151611328125
0.004830917874396135035242050292936255573295056819915771484375	0.00120675706161998963494852432631887495517730712890625
0.0048076923076923079591882270733549376018345355987548828125	0.00120095999753433435586202904232777655124664306640625
0.004784688995215310818032161677137992228381335735321044921875	0.001195218363438055320102648693136870861053466796875
0.0047619047619047623343124797656855662353336811065673828125	0.00118953136810262538602955828537233173847198486328125
0.004739336492890995622406791198955033905804157257080078125	0.0011838982352891935789784838561899960041046142578125
0.004716981132075471518094733625048320391215384006500244140625	0.001178318203394201901801352505572140216827392578125
0.00469483568075117381479532951971123111434280872344970703125	0.0011727905251015524612512308522127568721771240234375
0.004672897196261681894424722116809789440594613552093505859375	0.0011673144670567570102548415889032185077667236328125
0.00465116279069767435405680089388624764978885650634765625	0.00116188930953653457578411689610220491886138916015625
0.004629629629629629372633559114547097124159336090087890625	0.001156514346135839588214366813190281391143798828125
0.004608294930875576032869300746597218676470220088958740234375	0.00115118888346177339343512358027510344982147216796875
0.0045871559633027525482162900516414083540439605712890625	0.00114591224083293585778164924704469740390777587890625
0.004566210045662100203145428167772479355335235595703125	0.00114068374999110044853978251921944320201873779296875
0.00454545454545454523376246669386091525666415691375732421875	0.00113550275482110496483301176340319216251373291015625
0.004524886877828054702888049831699390779249370098114013671875	0.001130368611070853290812010527588427066802978515625
0.004504504504504504465434155946468308684416115283966064453125	0.0011252806860913011632874258793890476226806640625
0.004484304932735425942846863023305559181608259677886962890625	0.0011202383585702246904247658676467835903167724609375
0.00446428571428571403789664628902755794115364551544189453125	0.00111524101828275323811112684779800474643707275390625
0.004444444444444444440589503386718206456862390041351318359375	0.00111028806584301253934654596378095448017120361328125
0.004424778761061946841248726514095324091613292694091796875	0.001105378912470644792165330727584660053253173828125
0.004405286343612335210606634205987575114704668521881103515625	0.00110051297974556039349636193946935236454010009765625
0.00438596491228070151091600337167619727551937103271484375	0.00109568969939444205152767608524300158023834228515625
0.0043668122270742355806039114440864068455994129180908203125	0.00109090851305893021816473265062086284160614013671875
0.004347826086956521791926366660163694177754223346710205078125	0.00108616887208601298198118456639349460601806640625
0.004329004329004329000574191610439811483956873416900634765625	0.0010814702373138640467686855117790400981903076171875
0.00431034482758620683673367324217906570993363857269287109375	0.00107681207887366792164129947195760905742645263671875
0.0042918454935622317447663220946196815930306911468505859375	0.0010721938759841176391773842624388635158538818359375
0.00427350427350427393424769917373851058073341846466064453125	0.00106761511676001230597421454149298369884490966796875
0.004255319148936170282893076688424116582609713077545166015625	0.00106307529802329714385678016697056591510772705078125
0.004237288135593220324282004440874516149051487445831298828125	0.0010585739251174342001604600227437913417816162109375
0.004219409282700421585932115675632303464226424694061279296875	0.0010541105117294335968836094252765178680419921875
0.004201680672268907380806357565461439662612974643707275390625	0.001049684579714327270494322874583303928375244140625
0.004184100418410041481720451628234513918869197368621826171875	0.001045295658923084403113534790463745594024658203125
0.004166666666666666608842550800773096852935850620269775390625	0.00104094328703674410263602112536318600177764892578125
0.004149377593360995854221417999951881938613951206207275390625	0.00103662700940698737639422688516788184642791748046875
0.00413223140495867780064287444474757649004459381103515625	0.00103234637888982572206941767944954335689544677734375
0.00411522633744856002058210009408867335878312587738037109375	0.00102810095570304849132980962167493999004364013671875
0.004098360655737705131318460161082839476875960826873779296875	0.0010238903072654625958648466621525585651397705078125
0.004081632653061224857982125513444771058857440948486328125	0.001019714008052563514183930237777531147003173828125
0.004065040650406504495195658677175742923282086849212646484375	0.0010155716394562031013037994853220880031585693359375
0.0040485829959514170461876148010560427792370319366455078125	0.00101146278964348024231867384514771401882171630859375
0.0040322580645161289203404209047221229411661624908447265625	0.00100738705341563150597039566491730511188507080078125
0.00401606425702811208056086655915351002477109432220458984375	0.001003344032085795589637200464494526386260986328125
0.0040000000000000000832667268468867405317723751068115234375	0.00099933333333357410310782142914831638336181640625
0.0039840637450199202496126105188523069955408573150634765625	0.00099535457109112268625494834850542247295379638671875
0.00396825396825396803368590781246894039213657379150390625	0.00099140736541547536120333461440168321132659912109375
0.00395256916996047404089242860436570481397211551666259765625	0.00098749134236353341975700459443032741546630859375
0.003937007874015747976859103118840721435844898223876953125	0.0009836061338790447194924126961268484592437744140625
0.00392156862745098033773416545955114997923374176025390625	0.0009797513776745869762407892267219722270965576171875
0.00390625	0.00097592671712209977386009995825588703155517578125
0.00389105058365758760263730664519243873655796051025390625	0.00097213180113742136967402984737418591976165771484375
0.003875968992248061961714000744905206374824047088623046875	0.00096836628407748204239169353968463838100433349609375
0.003861003861003861094280953381030485616065561771392822265625	0.00096462982563416677095347040449269115924835205078125
0.00384615384615384636735058165868395008146762847900390625	0.00096092209072951018100638975738547742366790771484375
0.0038314176245210725992029754394252449856139719486236572265625	0.000957242749421549632415917585603892803192138671875
0.0038167938931297708433920679027551159379072487354278564453125	0.00095359147679818789811179158277809619903564453125
0.0038022813688212927542287022930622697458602488040924072265625	0.00094996795288870838902539617265574634075164794921875
0.0037878787878787879839226349076852784492075443267822265625	0.0009463718625648542825956610613502562046051025390625
0.003773584905660377387948134497719365754164755344390869140625	0.000942802895455674416780311730690300464630126953125
0.0037593984962406012950708600328653119504451751708984375	0.00093926074585037877540116824093274772167205810546875
0.0037453183520599251342397817410301286145113408565521240234375	0.00093574511261651505122927119373343884944915771484375
0.0037313432835820894810374692696086640353314578533172607421875	0.000932255699116257829928144928999245166778564453125
0.00371747211895910763257422360084092360921204090118408203125	0.0009287922131167025696640848764218389987945556640625
0.00370370370370370384505154248699909658171236515045166015625	0.00092535436671281612319717169157229363918304443359375
0.0036900369003690035828169069276327718398533761501312255859375	0.0009219418762445030779417720623314380645751953125
0.003676470588235294066625780118329203105531632900238037109375	0.0009185544622261065939028412685729563236236572265625
0.003663003663003663000485854439602917409501969814300537109375	0.0009151918492580346509157607215456664562225341796875
0.003649635036496350244672459695038924110122025012969970703125	0.00091185376596103484558852869668044149875640869140625
0.003636363636363636360482320952769441646523773670196533203125	0.0009085399449038078500962001271545886993408203125
0.0036231884057971014932719722168030784814618527889251708984375	0.00090525012252296033210541281732730567455291748046875
0.003610108303249097601306250027164423954673111438751220703125	0.0009019840390640521121667916304431855678558349609375
0.00359712230215827356849533913418781594373285770416259765625	0.00089874143850454668580596262472681701183319091796875
0.003584229390681003581120567247353392303921282291412353515625	0.00089552206849019544421253158361651003360748291015625
0.0035714285714285713170534908300624010735191404819488525390625	0.000892325680272421095651225186884403228759765625
0.003558718861209964230696289888555838842876255512237548828125	0.0008891520286387066818178936955519020557403564453125
0.00354609929078014175785060757561950595118105411529541015625	0.0008860008718543088690466902335174381732940673828125
0.003533568904593639529998494452911472762934863567352294921875	0.0008828719715980870574867367395199835300445556640625
0.0035211267605633803610964971397834233357571065425872802734375	0.0008797650929046607615191533113829791545867919921875
0.0035087719298245614689413240938620219822041690349578857421875	0.00087668000410368041031006214325316250324249267578125
0.0034965034965034965004637701468936938908882439136505126953125	0.0008736164767630949512522420263849198818206787109375
0.003484320557491289195584105442549116560257971286773681640625	0.000870574285632752520314170396886765956878662109375
0.00347222222222222202947516933591032284311950206756591796875	0.00086755320859044360304324072785675525665283203125
0.003460207612456747509888099756381052429787814617156982421875	0.000864553026584058414982791873626410961151123046875
0.003448275862068965469386938593743252567946910858154296875	0.00086157352358362526700830130721442401409149169921875
0.00343642611683848790693485142355712014250457286834716796875	0.00085861448652391203495426452718675136566162109375
0.00342465753424657515235907112582935951650142669677734375	0.00085567570526079439474642640561796724796295166015625
0.0034129692832764505459886006377701050951145589351654052734375	0.000852756972513635247423735563643276691436767578125
0.0034013605442176869479709022670022022794000804424285888671875	0.00084985808382354033341243848553858697414398193359375
0.0033898305084745761726894297538592581986449658870697021484375	0.0008469788374985132151095967856235802173614501953125
0.003378378378378378565916051456952118314802646636962890625	0.000844119034575374627138444338925182819366455078125
0.0033670033670033668558863038100525955087505280971527099609375	0.00084127847876469541432697951677255332469940185546875
0.0033557046979865771084428072157379574491642415523529052734375	0.00083845697641249383735839728615246713161468505859375
0.0033444816053511705090939276630024323821999132633209228515625	0.00083565433645471642876145779155194759368896484375
0.0033333333333333335472825620371395416441373527050018310546875	0.00083287037037071964817869229591451585292816162109375
0.003322259136212624662520820351119255064986646175384521484375	0.0008301048921464104779488479834981262683868408203125
0.0033112582781456953613663518609655511681921780109405517578125	0.00082735771822861625679479402606375515460968017578125
0.00330033003300330037010912320738498237915337085723876953125	0.000824628667487115052381341229192912578582763671875
0.0032894736842105261331870025287571479566395282745361328125	0.00082191756117300229789179866202175617218017578125
0.003278688524590163931582420531185562140308320522308349609375	0.00081922422287894480774639305309392511844635009765625
0.0032679738562091504260054275476932161836884915828704833984375	0.000816548478505207953048739000223577022552490234375
0.0032573289902280131748180114215074354433454573154449462890625	0.000813890156217578208952545537613332271575927734375
0.003246753246753246967271078204930745414458215236663818359375	0.0008112490864113919286637610639445483684539794921875
0.0032362459546925567872854845319352534716017544269561767578125	0.00080862510167822865270181864616461098194122314453125
0.0032258064516129032230085105226180530735291540622711181640625	0.00080601803676660921382790547795593738555908203125
0.003215434083601286137377162077655157190747559070587158203125	0.00080342772855301891610224629403091967105865478515625
0.003205128205128205017004905386102109332568943500518798828125	0.00080085401599794270310894717113114893436431884765625
0.00319488817891373788615538842350360937416553497314453125	0.00079829674012465989818565503810532391071319580078125
0.003184713375796178504162359246265623369254171848297119140625	0.00079575574397916515323458952479995787143707275390625
0.003174603174603174600421073847655861754901707172393798828125	0.000793230872595973579564088140614330768585205078125
0.0031645569620253164062895212538251143996603786945343017578125	0.00079072197297402890825424037757329642772674560546875
0.0031545741324921134675351996889958172687329351902008056640625	0.00078822889404206453178858282626606523990631103515625
0.003144654088050314634517068412833395996131002902984619140625	0.00078575148662451965719810687005519866943359375
0.003134796238244513984227967995366270770318806171417236328125	0.00078328960341689235491458020987920463085174560546875
0.003125000000000000173472347597680709441192448139190673828125	0.000780843098957983983154917950741946697235107421875
0.0031152647975077880741767710759404508280567824840545654296875	0.00077841182959570431876272778026759624481201171875
