0.5	0.005190071896669312678795904503203928470611572265625
0.333333333333333314829616256247390992939472198486328125	0.00231413906895261423102283515618182718753814697265625
0.25	0.0013019662010373966865017791860736906528472900390625
0.200000000000000011102230246251565404236316680908203125	0.00083330260338365658157044890685938298702239990234375
0.1666666666666666574148081281236954964697360992431640625	0.00057869340816119052561816715751774609088897705078125
0.142857142857142849212692681248881854116916656494140625	0.00042516598441866282342971317120827734470367431640625
0.125	0.00032551900047395054826893101562745869159698486328125
0.111111111111111104943205418749130330979824066162109375	0.00025720074195489939228309594909660518169403076171875
0.1000000000000000055511151231257827021181583404541015625	0.000208332852826398351453462964855134487152099609375
0.0909090909090909116141432377844466827809810638427734375	0.00017217603730201869183247254113666713237762451171875
0.08333333333333332870740406406184774823486804962158203125	0.00014467576500110101989093891461379826068878173828125
0.076923076923076927347011633173679001629352569580078125	0.00012327406218293202044833378749899566173553466796875
0.0714285714285714246063463406244409270584583282470703125	0.0001062924531882725176501480746082961559295654296875
0.06666666666666666574148081281236954964697360992431640625	9.25925504062785620362774352543056011199951171875e-05
0.0625	8.13801796917257291852365597151219844818115234375e-05
0.05882352941176470506601248189326724968850612640380859375	7.20876386848257055817157379351556301116943359375e-05
0.0555555555555555524716027093745651654899120330810546875	6.430039739468984549830565811134874820709228515625e-05
0.052631578947368418130992040460114367306232452392578125	5.77100544212338917304805363528430461883544921875e-05
0.05000000000000000277555756156289135105907917022705078125	5.20833258252917374875323730520904064178466796875e-05
0.047619047619047616404230893749627284705638885498046875	4.724111306686484823558203061111271381378173828125e-05
0.04545454545454545580707161889222334139049053192138671875	4.304407289679179626773475320078432559967041015625e-05
0.0434782608695652161845401906248298473656177520751953125	3.938247942569805815082872868515551090240478515625e-05
0.041666666666666664353702032030923874117434024810791015625	3.6168978966966136567862122319638729095458984375e-05
0.040000000000000000832667268468867405317723751068115234375	3.3333331364904239535462693311274051666259765625e-05
0.0384615384615384636735058165868395008146762847900390625	3.08185388784298908149139606393873691558837890625e-05
0.037037037037037034981068472916376776993274688720703125	2.857795943655982995323938666842877864837646484375e-05
0.03571428571428571230317317031222046352922916412353515625	2.65731282544923175237272516824305057525634765625e-05
0.03448275862068965469386938593743252567946910858154296875	2.47720959023478570770748774521052837371826171875e-05
0.033333333333333332870740406406184774823486804962158203125	2.31481474888273197620947030372917652130126953125e-05
0.0322580645161290313627233672377769835293292999267578125	2.167880625714158071559722884558141231536865234375e-05
0.03125	2.03450516360614841460119350813329219818115234375e-05
0.0303030303030303038713810792614822275936603546142578125	1.9130700577019155161906383000314235687255859375e-05
0.029411764705882352533006240946633624844253063201904296875	1.802191433741828774373061605729162693023681640625e-05
0.0285714285714285705364279266404992085881531238555908203125	1.700680245964036885197856463491916656494140625e-05
0.02777777777777777623580135468728258274495601654052734375	1.6075102660106921348415198735892772674560546875e-05
0.027027027027027028527328411655616946518421173095703125	1.521792043612801847984883352182805538177490234375e-05
0.0263157894736842090654960202300571836531162261962890625	1.4427515999226869780613924376666545867919921875e-05
0.025641025641025640136039243088816874660551548004150390625	1.369712894516705858904970227740705013275146484375e-05
0.025000000000000001387778780781445675529539585113525390625	1.302083321608193955398746766149997711181640625e-05
0.024390243902439025236450476086247363127768039703369140625	1.239341651615433193001081235706806182861328125e-05
0.0238095238095238082021154468748136423528194427490234375	1.181027957997127231237755040638148784637451171875e-05
0.02325581395348837177028400446943123824894428253173828125	1.126735164580505710318902856670320034027099609375e-05
0.022727272727272727903535809446111670695245265960693359375	1.0761019217486733623445616103708744049072265625e-05
0.0222222222222222230703092549219945794902741909027099609375	1.02880657857351565098724677227437496185302734375e-05
0.02173913043478260809227009531241492368280887603759765625	9.84562061689953083032378344796597957611083984375e-06
0.0212765957446808505471036454537170357070863246917724609375	9.4311150904413665330139338038861751556396484375e-06
0.0208333333333333321768510160154619370587170124053955078125	9.04224533126996021792365354485809803009033203125e-06
0.0204081632653061208204636756136096664704382419586181640625	8.67694012918196477812671218998730182647705078125e-06
0.0200000000000000004163336342344337026588618755340576171875	8.33333330241270431315570021979510784149169921875e-06
0.01960784313725490168867082729775574989616870880126953125	8.00973981618380292957226629368960857391357421875e-06
0.01923076923076923183675290829341975040733814239501953125	7.70463508426022514186115586198866367340087890625e-06
0.0188679245283018860723789345001932815648615360260009765625	7.416636978785362543931114487349987030029296875e-06
0.0185185185185185174905342364581883884966373443603515625	7.1444901499351232132539735175669193267822265625e-06
0.018181818181818180935049866775443661026656627655029296875	6.88705232432251790442023775540292263031005859375e-06
0.017857142857142856151586585156110231764614582061767578125	6.64328229726951491329600685276091098785400390625e-06
0.017543859649122806043664013486704789102077484130859375	6.4122293899071536316114361397922039031982421875e-06
0.017241379310344827346934692968716262839734554290771484375	6.193024165046523421551682986319065093994140625e-06
0.0169491525423728812971280177634980645962059497833251953125	5.98487023661942174612704548053443431854248046875e-06
0.0166666666666666664353702032030923874117434024810791015625	5.787037026916408422039239667356014251708984375e-06
0.0163934426229508205252738406443313579075038433074951171875	5.59885334572296500255106366239488124847412109375e-06
0.01612903225806451568136168361888849176466464996337890625	5.41970169110062016670781304128468036651611328125e-06
0.015873015873015872134743631249875761568546295166015625	5.24901317788817323162220418453216552734375e-06
0.015625	5.08626301354286880496147205121815204620361328125e-06
0.015384615384615385469402326634735800325870513916015625	4.930966463145836087278439663350582122802734375e-06
0.01515151515151515193569053963074111379683017730712890625	4.7826752316293408284764154814183712005615234375e-06
0.01492537313432835792414987707843465614132583141326904296875	4.6409742282538246627154876478016376495361328125e-06
0.0147058823529411762665031204733168124221265316009521484375	4.5054786570464244732647784985601902008056640625e-06
0.01449275362318840597308788886721231392584741115570068359375	4.3758314036690393322714953683316707611083984375e-06
0.01428571428571428526821396332024960429407656192779541015625	4.25170067608338086984076653607189655303955078125e-06
0.01408450704225352144438598855913369334302842617034912109375	4.13277788435806314737419597804546356201171875e-06
0.013888888888888888117900677343641291372478008270263671875	4.01877571676312328463609446771442890167236328125e-06
0.013698630136986300609436284503317438066005706787109375	3.9094264057126792977214790880680084228515625e-06
0.0135135135135135142636642058278084732592105865478515625	3.804480152691525063346489332616329193115234375e-06
0.01333333333333333418913024814855816657654941082000732421875	3.7037037008413875582846230827271938323974609375e-06
0.01315789473684210453274801011502859182655811309814453125	3.60687903711021107255874085240066051483154296875e-06
0.0129870129870129878690843128197229816578328609466552734375	3.5138022129732604525997885502874851226806640625e-06
0.0128205128205128200680196215444084373302757740020751953125	3.42428226829394333208256284706294536590576171875e-06
0.01265822784810126562515808501530045759864151477813720703125	3.33814025310630313470028340816497802734375e-06
0.0125000000000000006938893903907228377647697925567626953125	3.25520833166503820166326477192342281341552734375e-06
0.012345679012345678327022824305458925664424896240234375	3.17532896232375350109577993862330913543701171875e-06
0.0121951219512195126182252380431236815638840198516845703125	3.09835415246428880209350609220564365386962890625e-06
0.0120481927710843379764060756542676244862377643585205078125	3.02414477004742110466395388357341289520263671875e-06
0.01190476190476190410105772343740682117640972137451171875	2.95256991567072191173792816698551177978515625e-06
0.01176470588235294101320249637865344993770122528076171875	2.8835063423660045600627199746668338775634765625e-06
0.011627906976744185885142002234715619124472141265869140625	2.8168379291315659429528750479221343994140625e-06
0.01149425287356321823128979531247750855982303619384765625	2.752455188659297391495783813297748565673828125e-06
0.0113636363636363639517679047230558353476226329803466796875	2.6902548200258280530761112459003925323486328125e-06
0.0112359550561797749690384762288886122405529022216796875	2.63013929135968993477945332415401935577392578125e-06
0.01111111111111111153515462746099728974513709545135498046875	2.57201645992299887666376889683306217193603515625e-06
0.01098901098901098986881930130721229943446815013885498046875	2.515799218283376603721990250051021575927734375e-06
0.010869565217391304046135047656207461841404438018798828125	2.46140516590998004176071844995021820068359375e-06
0.0107526881720430116107234397304637241177260875701904296875	2.4087563101904407858455670066177845001220703125e-06
0.01063829787234042527355182272685851785354316234588623046875	2.35777878287990461103618144989013671875e-06
0.01052631578947368397314310328738429234363138675689697265625	2.30840258497178041352526634000241756439208984375e-06
0.01041666666666666608842550800773096852935850620269775390625	2.260561342115607885716599412262439727783203125e-06
0.01030927835051546372080455427067136042751371860504150390625	2.2141920847928986404440365731716156005859375e-06
0.01020408163265306041023183780680483323521912097930908203125	2.16923504037236369867969187907874584197998046875e-06
0.01010101010101010186870151841276310733519494533538818359375	2.12563343870986187766902730800211429595947265625e-06
0.01000000000000000020816681711721685132943093776702880859375	2.08333333306942591889310278929769992828369140625e-06
0.00990099009900990111032736962215494713746011257171630859375	2.0422834356992325410828925669193267822265625e-06
0.009803921568627450844335413648877874948084354400634765625	2.002434960512999850834603421390056610107421875e-06
0.0097087378640776690608138466132004396058619022369384765625	1.963741476540548092089011333882808685302734375e-06
0.009615384615384615918376454146709875203669071197509765625	1.92615877681046043790047406218945980072021484375e-06
0.009523809523809524668624959531371132470667362213134765625	1.8896447462335430600433028303086757659912109375e-06
0.00943396226415094303618946725009664078243076801300048828125	1.85415924958132194433346739970147609710693359375e-06
0.00934579439252336378884944423361957888118922710418701171875	1.819664017244093656699988059699535369873046875e-06
0.00925925925925925874526711822909419424831867218017578125	1.7861225420912063555078930221498012542724609375e-06
0.009174311926605505096432580103282816708087921142578125	1.75349998576823651319500640965998172760009765625e-06
0.0090909090909090904675249333877218305133283138275146484375	1.72176308488314333544622058980166912078857421875e-06
0.00900900900900900893086831189293661736883223056793212890625	1.69088006896078724139442783780395984649658203125e-06
0.0089285714285714280757932925780551158823072910308837890625	1.6608205779533591339713893830776214599609375e-06
0.00884955752212389368249745302819064818322658538818359375	1.6315555904089507066601072438061237335205078125e-06
0.0087719298245614030218320067433523945510387420654296875	1.60305735052990172562203952111303806304931640625e-06
0.00869565217391304358385273332032738835550844669342041015625	1.57529930666644446546342805959284305572509765625e-06
0.0086206896551724136734673464843581314198672771453857421875	1.54825604437025532433835905976593494415283203125e-06
0.0085470085470085478684953983474770211614668369293212890625	1.5219032316604597099285456351935863494873046875e-06
0.00847457627118644064856400888174903229810297489166259765625	1.49621756151407936386021901853382587432861328125e-06
0.00840336134453781476161271513092287932522594928741455078125	1.471176705791776839760132133960723876953125e-06
0.00833333333333333321768510160154619370587170124053955078125	1.44675925872750354983509168960154056549072265625e-06
0.0082644628099173556012857488894951529800891876220703125	1.422944698514783112841541878879070281982421875e-06
0.00819672131147541026263692032216567895375192165374755859375	1.3997133383458759681161609478294849395751953125e-06
0.00813008130081300899039131735435148584656417369842529296875	1.37704629121770949495839886367321014404296875e-06
0.008064516129032257840680841809444245882332324981689453125	1.354925424745800910386606119573116302490234375e-06
0.008000000000000000166533453693773481063544750213623046875	1.33333333318663704858408891595900058746337890625e-06
0.0079365079365079360673718156249378807842731475830078125	1.31225329624840014730580151081085205078125e-06
0.00787401574803149595371820623768144287168979644775390625	1.2916692497810799977742135524749755859375e-06
0.0078125	1.271565755356363069950020872056484222412109375e-06
0.00775193798449612392342800148981041274964809417724609375	1.25192796918138782302776235155761241912841796875e-06
0.0076923076923076927347011633173679001629352569580078125	1.23274161711872665136979776434600353240966796875e-06
0.007633587786259541686784135805510231875814497470855712890625	1.21399296826307789842758211307227611541748046875e-06
0.007575757575757575967845269815370556898415088653564453125	1.19566880929511398790054954588413238525390625e-06
0.007518796992481202590141720065730623900890350341796875	1.17775642094475330168279469944536685943603515625e-06
0.007462686567164178962074938539217328070662915706634521484375	1.16024355845123494646031758747994899749755859375e-06
0.0074074074074074076901030849739981931634247303009033203125	1.14311842736025681688261101953685283660888671875e-06
0.00735294117647058813325156023665840621106326580047607421875	1.12636966520529568924757768400013446807861328125e-06
0.00729927007299270048934491939007784822024405002593994140625	1.10998632496528415458669769577682018280029296875e-06
0.007246376811594202986543944433606156962923705577850341796875	1.09395785219401631138680386357009410858154296875e-06
0.0071942446043165471369906782683756318874657154083251953125	1.078274071364404562700656242668628692626953125e-06
0.007142857142857142634106981660124802147038280963897705078125	1.06292517021433496893223491497337818145751953125e-06
0.0070921985815602835157012151512390119023621082305908203125	1.04790168176105424890920403413474559783935546875e-06
0.007042253521126760722192994279566846671514213085174560546875	1.03319447219973881146870553493499755859375e-06
0.006993006993006993000927540293787387781776487827301025390625	1.0187947252493501082426519133150577545166015625e-06
0.0069444444444444440589503386718206456862390041351318359375	1.00469392994018136278100428171455860137939453125e-06
0.00689655172413793093877387718748650513589382171630859375	9.9088386840140429967505042441189289093017578125e-07
0.0068493150684931503047181422516587190330028533935546875	9.7735660220532594166797935031354427337646484375e-07
0.006802721088435373895941804534004404558800160884857177734375	9.641044627084482954160193912684917449951171875e-07
0.00675675675675675713183210291390423662960529327392578125	9.5112003872799277814920060336589813232421875e-07
0.006711409395973154216885614431475914898328483104705810546875	9.38396168326249835445196367800235748291015625e-07
0.006666666666666667094565124074279083288274705410003662109375	9.2592592582096955311499186791479587554931640625e-07
0.006622516556291390722732703721931102336384356021881103515625	9.1370261545709041683949180878698825836181640625e-07
0.006578947368421052266374005057514295913279056549072265625	9.0171976008246446099292370490729808807373046875e-07
0.006535947712418300852010855095386432367376983165740966796875	8.899710939314076085793203674256801605224609375e-07
0.00649350649350649393454215640986149082891643047332763671875	8.7845055407598238161881454288959503173828125e-07
0.006451612903225806446017021045236106147058308124542236328125	8.6715227187728061153393355198204517364501953125e-07
0.00641025641025641003400981077220421866513788700103759765625	8.5607056765635292094884789548814296722412109375e-07
0.00636942675159235700832471849253124673850834369659423828125	8.4519994059117919960044673644006252288818359375e-07
0.006329113924050632812579042507650228799320757389068603515625	8.345350634986203886001021601259708404541015625e-07
0.00628930817610062926903413682566679199226200580596923828125	8.24070777394325659770402126014232635498046875e-07
0.00625000000000000034694469519536141888238489627838134765625	8.1380208361014894080653903074562549591064453125e-07
0.00621118012422360206425953066400325042195618152618408203125	8.037241363556546502877608872950077056884765625e-07
0.0061728395061728391635114121527294628322124481201171875	7.9383224094176085827712086029350757598876953125e-07
0.006134969325153374376802251077833716408349573612213134765625	7.8412184645326732379544409923255443572998046875e-07
0.00609756097560975630911261902156184078194200992584228515625	7.74588538643428137220325879752635955810546875e-07
0.006060606060606060600803868254615736077539622783660888671875	7.6522803815759488088588113896548748016357421875e-07
0.00602409638554216898820303782713381224311888217926025390625	7.560361929837000616316800005733966827392578125e-07
0.00598802395209580874679833328855238505639135837554931640625	7.47008976009766456627403385937213897705078125e-07
0.005952380952380952050528861718703410588204860687255859375	7.381424793617696877845446579158306121826171875e-07
0.005917159763313609328883035942681090091355144977569580078125	7.294329089635454010931425727903842926025390625e-07
0.005882352941176470506601248189326724968850612640380859375	7.2087658564701229124693782068789005279541015625e-07
0.005847953216374268681221337828901596367359161376953125	7.124699334948303430792293511331081390380859375e-07
0.0058139534883720929425710011173578095622360706329345703125	7.042094820608468808131874538958072662353515625e-07
0.005780346820809248269135149911335247452370822429656982421875	6.9609186159613756217368063516914844512939453125e-07
0.005747126436781609115644897656238754279911518096923828125	6.8811379805300276757407118566334247589111328125e-07
0.005714285714285714280757932925780551158823072910308837890625	6.8027210897714240900313598103821277618408203125e-07
0.00568181818181818197588395236152791767381131649017333984375	6.7256370483992355957525433041155338287353515625e-07
0.0056497175141242937657093392544993548654019832611083984375	6.6498558337624302794210962019860744476318359375e-07
0.00561797752808988748451923811444430612027645111083984375	6.5753482314523381546678137965500354766845703125e-07
0.005586592178770949899957454221066655009053647518157958984375	6.5020858708297879502424621023237705230712890625e-07
0.005555555555555555767577313730498644872568547725677490234375	6.4300411484197184108779765665531158447265625e-07
0.00552486187845303844401456672130734659731388092041015625	6.3591872401236315681671840138733386993408203125e-07
0.005494505494505494934409650653606149717234075069427490234375	6.28949804681866453393013216555118560791015625e-07
0.005464480874316939885970700885309270233847200870513916015625	6.220948167712236909210332669317722320556640625e-07
0.0054347826086956520230675238281037309207022190093994140625	6.153512919215842202902422286570072174072265625e-07
0.005405405405405405705465682331123389303684234619140625	6.087168247237428886364796198904514312744140625e-07
0.00537634408602150580536171986523186205886304378509521484375	6.0218907760312134769264957867562770843505859375e-07
0.005347593582887700223993387993459691642783582210540771484375	5.9576577371434069618771900422871112823486328125e-07
0.005319148936170212636775911363429258926771581172943115234375	5.894446957199761527590453624725341796875e-07
0.005291005291005290711581210416625253856182098388671875	5.832236873448692904275958426296710968017578125e-07
0.005263157894736841986571551643692146171815693378448486328125	5.77100646381722981459461152553558349609375e-07
0.00523560209424083801421634376538349897600710391998291015625	5.7107352724461435400371556170284748077392578125e-07
0.005208333333333333044212754003865484264679253101348876953125	5.651403360840134837417281232774257659912109375e-07
0.005181347150259067550759350950784209999255836009979248046875	5.59299131897006418512319214642047882080078125e-07
0.005154639175257731860402277135335680213756859302520751953125	5.535480214202692650360404513776302337646484375e-07
0.005128205128205128200680196215444084373302757740020751953125	5.4788516334891568249076954089105129241943359375e-07
0.005102040816326530205115918903402416617609560489654541015625	5.4230876000982419782303622923791408538818359375e-07
0.00507614213197969503521544964996792259626090526580810546875	5.36817061469463396861101500689983367919921875e-07
0.005050505050505050934350759206381553667597472667694091796875	5.3140835942766528887659660540521144866943359375e-07
0.005025125628140703591684168571873669861815869808197021484375	5.26080991658517405085149221122264862060546875e-07
0.005000000000000000104083408558608425664715468883514404296875	5.2083333301755629918261547572910785675048828125e-07
0.00497512437810945264138329235947821871377527713775634765625	5.15663803657417929571238346397876739501953125e-07
0.004950495049504950555163684811077473568730056285858154296875	5.105708587027635303456918336451053619384765625e-07
0.004926108374384236508747303417976581840775907039642333984375	5.0555299424548394426892627961933612823486328125e-07
0.0049019607843137254221677068244389374740421772003173828125	5.006087400172276602461352013051509857177734375e-07
0.004878048780487804873817747619568763184361159801483154296875	4.957366643854044241379597224295139312744140625e-07
0.00485436893203883453040692330660021980293095111846923828125	4.9093536913513702302225283347070217132568359375e-07
0.004830917874396135035242050292936255573295056819915771484375	4.8620348980232819258162635378539562225341796875e-07
0.0048076923076923079591882270733549376018345355987548828125	4.815396941193483826282317750155925750732421875e-07
0.004784688995215310818032161677137992228381335735321044921875	4.769426829032141768038854934275150299072265625e-07
0.0047619047619047623343124797656855662353336811065673828125	4.7241118694696382362963049672544002532958984375e-07
0.004739336492890995622406791198955033905804157257080078125	4.67943965798411909418064169585704803466796875e-07
0.004716981132075471518094733625048320391215384006500244140625	4.6353981275615296908654272556304931640625e-07
0.00469483568075117381479532951971123111434280872344970703125	4.5919754398937584483064711093902587890625e-07
0.004672897196261681894424722116809789440594613552093505859375	4.5491600431102341417499701492488384246826171875e-07
0.00465116279069767435405680089388624764978885650634765625	4.506940689541494293735013343393802642822265625e-07
0.004629629629629629372633559114547097124159336090087890625	4.4653063591137964749577804468572139739990234375e-07
0.004608294930875576032869300746597218676470220088958740234375	4.424246282663801821399829350411891937255859375e-07
0.0045871559633027525482162900516414083540439605712890625	4.3837499597021434283306007273495197296142578125e-07
0.004566210045662100203145428167772479355335235595703125	4.3438071262169586361778783611953258514404296875e-07
0.00454545454545454523376246669386091525666415691375732421875	4.30440772358764434102340601384639739990234375e-07
0.004524886877828054702888049831699390779249370098114013671875	4.2655419296711016841072705574333667755126953125e-07
0.004504504504504504465434155946468308684416115283966064453125	4.227200174344858396580093540251255035400390625e-07
0.004484304932735425942846863023305559181608259677886962890625	4.1893730706732412727433256804943084716796875e-07
0.00446428571428571403789664628902755794115364551544189453125	4.152051451544735982679412700235843658447265625e-07
0.004444444444444444440589503386718206456862390041351318359375	4.115226335255073308871942572295665740966796875e-07
0.004424778761061946841248726514095324091613292694091796875	4.0788889743570422297125332988798618316650390625e-07
0.004405286343612335210606634205987575114704668521881103515625	4.0430307890471084419914404861629009246826171875e-07
0.00438596491228070151091600337167619727551937103271484375	4.0076433827085367056497489102184772491455078125e-07
0.0043668122270742355806039114440864068455994129180908203125	3.9727185507931750407806248404085636138916015625e-07
0.004347826086956521791926366660163694177754223346710205078125	3.9382482686090014567525940947234630584716796875e-07
0.004329004329004329000574191610439811483956873416900634765625	3.90422469020990092758438549935817718505859375e-07
0.00431034482758620683673367324217906570993363857269287109375	3.8706401073174134808141388930380344390869140625e-07
0.0042918454935622317447663220946196815930306911468505859375	3.837487037028353142886771820485591888427734375e-07
0.00427350427350427393424769917373851058073341846466064453125	3.80475808636759893488488160073757171630859375e-07
0.004255319148936170282893076688424116582609713077545166015625	3.7724460633103973350443993695080280303955078125e-07
0.004237288135593220324282004440874516149051487445831298828125	3.74054390572808870274457149207592010498046875e-07
0.004219409282700421585932115675632303464226424694061279296875	3.7090447257970282635142211802303791046142578125e-07
0.004201680672268907380806357565461439662612974643707275390625	3.6779417633692190747751737944781780242919921875e-07
0.004184100418410041481720451628234513918869197368621826171875	3.6472284004052113459692918695509433746337890625e-07
0.004166666666666666608842550800773096852935850620269775390625	3.616898147651426143056596629321575164794921875e-07
0.004149377593360995854221417999951881938613951206207275390625	3.58694466573439285639324225485324859619140625e-07
0.00413223140495867780064287444474757649004459381103515625	3.557361754058518954479950480163097381591796875e-07
0.00411522633744856002058210009408867335878312587738037109375	3.528143290854046654203557409346103668212890625e-07
0.004098360655737705131318460161082839476875960826873779296875	3.49928333864824026022688485682010650634765625e-07
0.004081632653061224857982125513444771058857440948486328125	3.4707760654395514166026259772479534149169921875e-07
0.004065040650406504495195658677175742923282086849212646484375	3.4426157247136046635205275379121303558349609375e-07
0.0040485829959514170461876148010560427792370319366455078125	3.4147967242770249640670954249799251556396484375e-07
0.0040322580645161289203404209047221229411661624908447265625	3.3873135640849483252168283797800540924072265625e-07
0.00401606425702811208056086655915351002477109432220458984375	3.36016085622503624108503572642803192138671875e-07
0.0040000000000000000832667268468867405317723751068115234375	3.3333333349094829145542462356388568878173828125e-07
0.0039840637450199202496126105188523069955408573150634765625	3.3068258187274324200188857503235340118408203125e-07
0.00396825396825396803368590781246894039213657379150390625	3.2806332439516694421399733982980251312255859375e-07
0.00395256916996047404089242860436570481397211551666259765625	3.2547506345625976109658950008451938629150390625e-07
0.003937007874015747976859103118840721435844898223876953125	3.229173126673146043685846962034702301025390625e-07
0.00392156862745098033773416545955114997923374176025390625	3.2038959407731937290009227581322193145751953125e-07
0.00390625	3.1789143839500155763744260184466838836669921875e-07
0.00389105058365758760263730664519243873655796051025390625	3.154223886525642228662036359310150146484375e-07
0.003875968992248061961714000744905206374824047088623046875	3.1298199265616943876011646352708339691162109375e-07
0.003861003861003861094280953381030485616065561771392822265625	3.1056980898114261435694061219692230224609375e-07
0.00384615384615384636735058165868395008146762847900390625	3.0818540397437033107053139247000217437744140625e-07
0.0038314176245210725992029754394252449856139719486236572265625	3.0582835497394711410379386506974697113037109375e-07
0.0038167938931297708433920679027551159379072487354278564453125	3.0349824153841353790994617156684398651123046875e-07
0.0038022813688212927542287022930622697458602488040924072265625	3.011946592135217315444606356322765350341796875e-07
0.0037878787878787879839226349076852784492075443267822265625	2.9891720287889000928771565668284893035888671875e-07
0.003773584905660377387948134497719365754164755344390869140625	2.9666548029272377107190550304949283599853515625e-07
0.0037593984962406012950708600328653119504451751708984375	2.944391053194550522675854153931140899658203125e-07
0.0037453183520599251342397817410301286145113408565521240234375	2.9223769926201015323385945521295070648193359375e-07
0.0037313432835820894810374692696086640353314578533172607421875	2.9006088964056431223070831038057804107666015625e-07
0.00371747211895910763257422360084092360921204090118408203125	2.87908311857876242356724105775356292724609375e-07
0.00370370370370370384505154248699909658171236515045166015625	2.8577960720088668722382863052189350128173828125e-07
0.0036900369003690035828169069276327718398533761501312255859375	2.8367442350685223573236726224422454833984375e-07
0.003676470588235294066625780118329203105531632900238037109375	2.8159241682867985900884377770125865936279296875e-07
0.003663003663003663000485854439602917409501969814300537109375	2.79533246771990206980262883007526397705078125e-07
0.003649635036496350244672459695038924110122025012969970703125	2.7749658126907661426230333745479583740234375e-07
0.003636363636363636360482320952769441646523773670196533203125	2.754820933592583287463639862835407257080078125e-07
0.0036231884057971014932719722168030784814618527889251708984375	2.7348946340932656084987684153020381927490234375e-07
0.003610108303249097601306250027164423954673111438751220703125	2.7151837456163008255316526629030704498291015625e-07
0.00359712230215827356849533913418781594373285770416259765625	2.69568518174168048062711022794246673583984375e-07
0.003584229390681003581120567247353392303921282291412353515625	2.6763959015685401254813768900930881500244140625e-07
0.0035714285714285713170534908300624010735191404819488525390625	2.6573129285889507400497677735984325408935546875e-07
0.003558718861209964230696289888555838842876255512237548828125	2.6384333240425661415429203771054744720458984375e-07
0.00354609929078014175785060757561950595118105411529541015625	2.6197541991290762553035165183246135711669921875e-07
0.003533568904593639529998494452911472762934863567352294921875	2.6012727472046748289358220063149929046630859375e-07
0.0035211267605633803610964971397834233357571065425872802734375	2.5829861771686779547962942160665988922119140625e-07
0.0035087719298245614689413240938620219822041690349578857421875	2.5648917623133371535004698671400547027587890625e-07
0.0034965034965034965004637701468936938908882439136505126953125	2.5469868114580407336688949726521968841552734375e-07
0.003484320557491289195584105442549116560257971286773681640625	2.5292686933742203336805687285959720611572265625e-07
0.00347222222222222202947516933591032284311950206756591796875	2.5117348190217825276704388670623302459716796875e-07
0.003460207612456747509888099756381052429787814617156982421875	2.4943826548717851210312801413238048553466796875e-07
0.003448275862068965469386938593743252567946910858154296875	2.477209675166847091531963087618350982666015625e-07
0.00343642611683848790693485142355712014250457286834716796875	2.4602134296447530914520029909908771514892578125e-07
0.00342465753424657515235907112582935951650142669677734375	2.4433914946886403640746721066534519195556640625e-07
0.0034129692832764505459886006377701050951145589351654052734375	2.4267415243972578764442005194723606109619140625e-07
0.0034013605442176869479709022670022022794000804424285888671875	2.4102611517751171277268440462648868560791015625e-07
0.0033898305084745761726894297538592581986449658870697021484375	2.3939481030854636856020078994333744049072265625e-07
0.003378378378378378565916051456952118314802646636962890625	2.3778000957097589207478449679911136627197265625e-07
0.0033670033670033668558863038100525955087505280971527099609375	2.361814932516637099979561753571033477783203125e-07
0.0033557046979865771084428072157379574491642415523529052734375	2.3459904185951785393626778386533260345458984375e-07
0.0033444816053511705090939276630024323821999132633209228515625	2.3303244223171759585966356098651885986328125e-07
0.0033333333333333335472825620371395416441373527050018310546875	2.3148148120544220773808774538338184356689453125e-07
0.003322259136212624662520820351119255064986646175384521484375	2.299459531673875289925490505993366241455078125e-07
0.0033112582781456953613663518609655511681921780109405517578125	2.284256535034501212066970765590667724609375e-07
0.00330033003300330037010912320738498237915337085723876953125	2.2692038281757476170241716317832469940185546875e-07
0.0032894736842105261331870025287571479566395282745361328125	2.2542993993734938840134418569505214691162109375e-07
0.003278688524590163931582420531185562140308320522308349609375	2.2395413423748067316410015337169170379638671875e-07
0.0032679738562091504260054275476932161836884915828704833984375	2.224927733163184484510566107928752899169921875e-07
0.0032573289902280131748180114215074354433454573154449462890625	2.2104566976821615753578953444957733154296875e-07
0.003246753246753246967271078204930745414458215236663818359375	2.1961263829695099047967232763767242431640625e-07
0.0032362459546925567872854845319352534716017544269561767578125	2.1819349804719223584470455534756183624267578125e-07
0.0032258064516129032230085105226180530735291540622711181640625	2.167880681636091821928857825696468353271484375e-07
0.003215434083601286137377162077655157190747559070587158203125	2.1539617411914235844960785470902919769287109375e-07
0.003205128205128205017004905386102109332568943500518798828125	2.14017642274910713240387849509716033935546875e-07
0.00319488817891373788615538842350360937416553497314453125	2.1265230143452384936608723364770412445068359375e-07
0.003184713375796178504162359246265623369254171848297119140625	2.112999848424834681281936354935169219970703125e-07
0.003174603174603174600421073847655861754901707172393798828125	2.0996052796373732007850776426494121551513671875e-07
0.0031645569620253164062895212538251143996603786945343017578125	2.0863376570812164345625205896794795989990234375e-07
0.0031545741324921134675351996889958172687329351902008056640625	2.0731954075703384887674474157392978668212890625e-07
0.003144654088050314634517068412833395996131002902984619140625	2.060176946816483223301474936306476593017578125e-07
0.003134796238244513984227967995366270770318806171417236328125	2.04728072272786221219575963914394378662109375e-07
0.003125000000000000173472347597680709441192448139190673828125	2.034505204306924497359432280063629150390625e-07
0.0031152647975077880741767710759404508280567824840545654296875	2.021848908295709179583354853093624114990234375e-07
