0.5	0.03539816339744827899949086713604629039764404296875
0.333333333333333314829616256247390992939472198486328125	0.01039816339744825679503037463291548192501068115234375
0.25	0.00462893262821761908298867638222873210906982421875
0.200000000000000011102230246251565404236316680908203125	0.00260404575038941654696600380702875554561614990234375
0.1666666666666666574148081281236954964697360992431640625	0.0016666349447007622330829690326936542987823486328125
0.142857142857142849212692681248881854116916656494140625	0.001157396779632335892529226839542388916015625
0.125	0.00085033592069139185554149662493728101253509521484375
0.111111111111111104943205418749130330979824066162109375	0.00065103977467606544138334356830455362796783447265625
0.1000000000000000055511151231257827021181583404541015625	0.000514402358877674714676686562597751617431640625
0.0909090909090909116141432377844466827809810638427734375	0.00041666617065860833690749132074415683746337890625
0.08333333333333332870740406406184774823486804962158203125	0.0003443523370918466497414556215517222881317138671875
0.076923076923076927347011633173679001629352569580078125	0.000289351685735628194606761098839342594146728515625
0.0714285714285714246063463406244409270584583282470703125	0.000246548220707243359584026620723307132720947265625
0.06666666666666666574148081281236954964697360992431640625	0.0002125849681362534937534292112104594707489013671875
0.0625	0.0001851851416383443194035862688906490802764892578125
0.05882352941176470506601248189326724968850612640380859375	0.0001627603871010574465572062763385474681854248046875
0.0555555555555555524716027093745651654899120330810546875	0.00014417529663557360208869795314967632293701171875
0.052631578947368418130992040460114367306232452392578125	0.00012860080846166521695295159588567912578582763671875
0.05000000000000000277555756156289135105907917022705078125	0.00011542011872689439400119226775132119655609130859375
0.047619047619047616404230893749627284705638885498046875	0.0001041666589161049927270141779445111751556396484375
0.04545454545454545580707161889222334139049053192138671875	9.448223155583690413550357334315776824951171875e-05
0.0434782608695652161845401906248298473656177520751953125	8.608814989496949010572279803454875946044921875e-05
0.041666666666666664353702032030923874117434024810791015625	7.87649619926611421760753728449344635009765625e-05
0.040000000000000000832667268468867405317723751068115234375	7.2337960367097053904217318631708621978759765625e-05
0.0384615384615384636735058165868395008146762847900390625	6.666666463484016702523149433545768260955810546875e-05
0.037037037037037034981068472916376776993274688720703125	6.163707926198913611415264313109219074249267578125e-05
0.03571428571428571230317317031222046352922916412353515625	5.715592007315972722381047788076102733612060546875e-05
0.03448275862068965469386938593743252567946910858154296875	5.31462574742125326565655996091663837432861328125e-05
0.033333333333333332870740406406184774823486804962158203125	4.95441925867368127001100219786167144775390625e-05
0.0322580645161290313627233672377769835293292999267578125	4.629629561569981177626686985604465007781982421875e-05
0.03125	4.33576130383084290542683447711169719696044921875e-05
0.0303030303030303038713810792614822275936603546142578125	4.069010370455483638352234265767037868499755859375e-05
0.029411764705882352533006240946633624844253063201904296875	3.82614015137505703023634850978851318359375e-05
0.0285714285714285705364279266404992085881531238555908203125	3.6043828975262925951028591953217983245849609375e-05
0.02777777777777777623580135468728258274495601654052734375	3.401360517230056501603030483238399028778076171875e-05
0.027027027027027028527328411655616946518421173095703125	3.215020553337666342486045323312282562255859375e-05
0.0263157894736842090654960202300571836531162261962890625	3.0435841053222389973598183132708072662353515625e-05
0.025641025641025640136039243088816874660551548004150390625	2.885503215299678458904963918030261993408203125e-05
0.025000000000000001387778780781445675529539585113525390625	2.739425802256167941095554851926863193511962890625e-05
0.024390243902439025236450476086247363127768039703369140625	2.6041666545406627619740902446210384368896484375e-05
0.0238095238095238082021154468748136423528194427490234375	2.478683312989726772457288461737334728240966796875e-05
0.02325581395348837177028400446943123824894428253173828125	2.36205592443194944962669978849589824676513671875e-05
0.022727272727272727903535809446111670695245265960693359375	2.25347033648848338316383888013660907745361328125e-05
0.0222222222222222230703092549219945794902741909027099609375	2.152203849925538037268779589794576168060302734375e-05
0.02173913043478260809227009531241492368280887603759765625	2.057613162731453115839030942879617214202880859375e-05
0.0212765957446808505471036454537170357070863246917724609375	1.969124128364807546631709556095302104949951171875e-05
0.0208333333333333321768510160154619370587170124053955078125	1.88622302241814310264089726842939853668212890625e-05
0.0204081632653061208204636756136096664704382419586181640625	1.8084490700065458668177598156034946441650390625e-05
0.0200000000000000004163336342344337026588618755340576171875	1.735388029178164259747063624672591686248779296875e-05
0.01960784313725490168867082729775574989616870880126953125	1.6666666634801430291190627031028270721435546875e-05
0.01923076923076923183675290829341975040733814239501953125	1.60194796590129584501482895575463771820068359375e-05
0.0188679245283018860723789345001932815648615360260009765625	1.540927019172411149838808341883122920989990234375e-05
0.0185185185185185174905342364581883884966373443603515625	1.483327397788780643850259366445243358612060546875e-05
0.018181818181818180935049866775443661026656627655029296875	1.428898031807790403036051429808139801025390625e-05
0.017857142857142856151586585156110231764614582061767578125	1.377410466496531427083027665503323078155517578125e-05
0.017543859649122806043664013486704789102077484130859375	1.3286564609860107566419173963367938995361328125e-05
0.017241379310344827346934692968716262839734554290771484375	1.282445879324800586118726641871035099029541015625e-05
0.0169491525423728812971280177634980645962059497833251953125	1.2386048342083455509055056609213352203369140625e-05
0.0166666666666666664353702032030923874117434024810791015625	1.19697404843410737385056563653051853179931640625e-05
0.0163934426229508205252738406443313579075038433074951171875	1.15740740636027794607798568904399871826171875e-05
0.01612903225806451568136168361888849176466464996337890625	1.119770669999464729471583268605172634124755859375e-05
0.015873015873015872134743631249875761568546295166015625	1.083940339052791301810430013574659824371337890625e-05
0.015625	1.049802636299279612330792588181793689727783203125e-05
0.015384615384615385469402326634735800325870513916015625	1.017252603474627647983652423135936260223388671875e-05
0.01515151515151515193569053963074111379683017730712890625	9.8619329322868765075327246449887752532958984375e-06
0.01492537313432835792414987707843465614132583141326904296875	9.56535046825468526776603539474308490753173828125e-06
0.0147058823529411762665031204733168124221265316009521484375	9.28194846128160833131914841942489147186279296875e-06
0.01449275362318840597308788886721231392584741115570068359375	9.0109573189778302548802457749843597412109375e-06
0.01428571428571428526821396332024960429407656192779541015625	8.75166281133488155319355428218841552734375e-06
0.01408450704225352144438598855913369334302842617034912109375	8.50340135605254232586958096362650394439697265625e-06
0.013888888888888888117900677343641291372478008270263671875	8.2655557720467953686238615773618221282958984375e-06
0.013698630136986300609436284503317438066005706787109375	8.03755143674589334068514290265738964080810546875e-06
0.0135135135135135142636642058278084732592105865478515625	7.818852814533983064393396489322185516357421875e-06
0.01333333333333333418913024814855816657654941082000732421875	7.608960308491674595643416978418827056884765625e-06
0.01315789473684210453274801011502859182655811309814453125	7.40740740479139958551968447864055633544921875e-06
0.0129870129870129878690843128197229816578328609466552734375	7.2137580768849574042178574018180370330810546875e-06
0.0128205128205128200680196215444084373302757740020751953125	7.02760442816696695444989018142223358154296875e-06
0.01265822784810126562515808501530045759864151477813720703125	6.84856453847526580602789181284606456756591796875e-06
0.0125000000000000006938893903907228377647697925567626953125	6.6762805086550969235759112052619457244873046875e-06
0.012345679012345678327022824305458925664424896240234375	6.51041666477336633533923304639756679534912109375e-06
0.0121951219512195126182252380431236815638840198516845703125	6.350657926201819236666779033839702606201171875e-06
0.0120481927710843379764060756542676244862377643585205078125	6.19670830703800135097480961121618747711181640625e-06
0.01190476190476190410105772343740682117640972137451171875	6.04828954209324365365318953990936279296875e-06
0.01176470588235294101320249637865344993770122528076171875	5.90513983222962224317598156630992889404296875e-06
0.011627906976744185885142002234715619124472141265869140625	5.76701268595325444721311214379966259002685546875e-06
0.01149425287356321823128979531247750855982303619384765625	5.63367585915131030560587532818317413330078125e-06
0.0113636363636363639517679047230558353476226329803466796875	5.50491037909495162239181809127330780029296875e-06
0.0112359550561797749690384762288886122405529022216796875	5.38050964049574531600228510797023773193359375e-06
0.01111111111111111153515462746099728974513709545135498046875	5.26027858327449138187148491851985454559326171875e-06
0.01098901098901098986881930130721229943446815013885498046875	5.14403292106724308041520998813211917877197265625e-06
0.010869565217391304046135047656207461841404438018798828125	5.031598437454931627144105732440948486328125e-06
0.0107526881720430116107234397304637241177260875701904296875	4.92281033304120541060910909436643123626708984375e-06
0.01063829787234042527355182272685851785354316234588623046875	4.81751262071394847907868097536265850067138671875e-06
0.01052631578947368397314310328738429234363138675689697265625	4.71555756698105454916003509424626827239990234375e-06
0.01041666666666666608842550800773096852935850620269775390625	4.61680516983253852458801702596247196197509765625e-06
0.01030927835051546372080455427067136042751371860504150390625	4.52112268423121577143319882452487945556640625e-06
0.01020408163265306041023183780680483323521912097930908203125	4.42838417058499800305071403272449970245361328125e-06
0.01010101010101010186870151841276310733519494533538818359375	4.33847008129983890967196202836930751800537109375e-06
0.01000000000000000020816681711721685132943093776702880859375	4.25126687708665684795050765387713909149169921875e-06
0.00990099009900990111032736962215494713746011257171630859375	4.16666666602782953532368992455303668975830078125e-06
0.009803921568627450844335413648877874948084354400634765625	4.0845668720645988969408790580928325653076171875e-06
0.0097087378640776690608138466132004396058619022369384765625	4.0048699212480443065942381508648395538330078125e-06
0.009615384615384615918376454146709875203669071197509765625	3.927482953969274603878147900104522705078125e-06
0.009523809523809524668624959531371132470667362213134765625	3.852317553398876270875916816294193267822265625e-06
0.00943396226415094303618946725009664078243076801300048828125	3.77928949324424223732421523891389369964599609375e-06
0.00934579439252336378884944423361957888118922710418701171875	3.7083185004949115182171226479113101959228515625e-06
0.00925925925925925874526711822909419424831867218017578125	3.639328034044098103549913503229618072509765625e-06
0.009174311926605505096432580103282816708087921142578125	3.57224508462650192086584866046905517578125e-06
0.0090909090909090904675249333877218305133283138275146484375	3.50699997164749532885252847336232662200927734375e-06
0.00900900900900900893086831189293661736883223056793212890625	3.44352617054344278813005075789988040924072265625e-06
0.0089285714285714280757932925780551158823072910308837890625	3.38176013869873060002646525390446186065673828125e-06
0.00884955752212389368249745302819064818322658538818359375	3.32164115646182978025535703636705875396728515625e-06
0.0087719298245614030218320067433523945510387420654296875	3.2631111805958568083951831795275211334228515625e-06
0.00869565217391304358385273332032738835550844669342041015625	3.206114702170026475869235582649707794189453125e-06
0.0086206896551724136734673464843581314198672771453857421875	3.15059861322186662846434046514332294464111328125e-06
0.0085470085470085478684953983474770211614668369293212890625	3.0965120882964214388266555033624172210693359375e-06
0.00847457627118644064856400888174903229810297489166259765625	3.04380646209967409276941907592117786407470703125e-06
0.00840336134453781476161271513092287932522594928741455078125	2.9924351234722479375705006532371044158935546875e-06
0.00833333333333333321768510160154619370587170124053955078125	2.94235341147253137705774861387908458709716796875e-06
0.0082644628099173556012857488894951529800891876220703125	2.89351851845420782183282426558434963226318359375e-06
0.00819672131147541026263692032216567895375192165374755859375	2.84588939702956622568308375775814056396484375e-06
0.00813008130081300899039131735435148584656417369842529296875	2.79942667769095265839496278204023838043212890625e-06
0.008064516129032257840680841809444245882332324981689453125	2.7540925813251959652916411869227886199951171875e-06
0.008000000000000000166533453693773481063544750213623046875	2.70985084949160182077321223914623260498046875e-06
0.0079365079365079360673718156249378807842731475830078125	2.66666666703940791194327175617218017578125e-06
0.00787401574803149595371820623768144287168979644775390625	2.6245065924968002946116030216217041015625e-06
0.0078125	2.583338500006249205398489721119403839111328125e-06
0.00775193798449612392342800148981041274964809417724609375	2.543131510268636930049979127943515777587890625e-06
0.0076923076923076927347011633173679001629352569580078125	2.50385593780766413374294643290340900421142578125e-06
0.007633587786259541686784135805510231875814497470855712890625	2.46548323457052021012714249081909656524658203125e-06
0.007575757575757575967845269815370556898415088653564453125	2.4279859374143342165552894584834575653076171875e-06
0.007518796992481202590141720065730623900890350341796875	2.39133761803511646348852082155644893646240234375e-06
0.007462686567164178962074938539217328070662915706634521484375	2.3555128418895066033655893988907337188720703125e-06
0.0074074074074074076901030849739981931634247303009033203125	2.32048711634735838060805690474808216094970703125e-06
0.00735294117647058813325156023665840621106326580047607421875	2.28623685372131291160258115269243717193603515625e-06
0.00729927007299270048934491939007784822024405002593994140625	2.25273933052161368095767102204263210296630859375e-06
0.007246376811594202986543944433606156962923705577850341796875	2.21997264959750140178584842942655086517333984375e-06
0.0071942446043165471369906782683756318874657154083251953125	2.18791570405496571538606076501309871673583984375e-06
0.007142857142857142634106981660124802147038280963897705078125	2.15654814272880912540131248533725738525390625e-06
0.0070921985815602835157012151512390119023621082305908203125	2.12585034053969224032698548398911952972412109375e-06
0.007042253521126760722192994279566846671514213085174560546875	2.095803363300063892893376760184764862060546875e-06
0.006993006993006993000927540293787387781776487827301025390625	2.06638894406641071554986410774290561676025390625e-06
0.0069444444444444440589503386718206456862390041351318359375	2.03758945038767791402278817258775234222412109375e-06
0.00689655172413793093877387718748650513589382171630859375	2.00938785976934042309949290938675403594970703125e-06
0.0068493150684931503047181422516587190330028533935546875	1.98176773691383090181261650286614894866943359375e-06
0.006802721088435373895941804534004404558800160884857177734375	1.9547132044106518833359587006270885467529296875e-06
0.00675675675675675713183210291390423662960529327392578125	1.92820892508382968344449182040989398956298828125e-06
0.006711409395973154216885614431475914898328483104705810546875	1.90224007801109706861097947694361209869384765625e-06
0.006666666666666667094565124074279083288274705410003662109375	1.87679233654147736842787708155810832977294921875e-06
0.006622516556291390722732703721931102336384356021881103515625	1.85185185175296140869249938987195491790771484375e-06
0.006578947368421052266374005057514295913279056549072265625	1.82740523102520313614149927161633968353271484375e-06
0.006535947712418300852010855095386432367376983165740966796875	1.80343951983186201459830044768750667572021484375e-06
0.00649350649350649393454215640986149082891643047332763671875	1.77994218708565909992103115655481815338134765625e-06
0.006451612903225806446017021045236106147058308124542236328125	1.75690110737480864600001950748264789581298828125e-06
0.00641025641025641003400981077220421866513788700103759765625	1.7343045437545612230678671039640903472900390625e-06
0.00636942675159235700832471849253124673850834369659423828125	1.71214113520168353943518013693392276763916015625e-06
0.006329113924050632812579042507650228799320757389068603515625	1.69039988062724688688831520266830921173095703125e-06
0.00628930817610062926903413682566679199226200580596923828125	1.6690701276633745919752982445061206817626953125e-06
0.00625000000000000034694469519536141888238489627838134765625	1.64814155578785204170344513840973377227783203125e-06
0.00621118012422360206425953066400325042195618152618408203125	1.62760416644314176437546848319470882415771484375e-06
0.0061728395061728391635114121527294628322124481201171875	1.607448272267220090725459158420562744140625e-06
0.006134969325153374376802251077833716408349573612213134765625	1.5876644823276109264043043367564678192138671875e-06
0.00609756097560975630911261902156184078194200992584228515625	1.5682436924624454377408255822956562042236328125e-06
0.006060606060606060600803868254615736077539622783660888671875	1.5491770766207224596655578352510929107666015625e-06
0.00602409638554216898820303782713381224311888217926025390625	1.5304560758711005519216996617615222930908203125e-06
0.00598802395209580874679833328855238505639135837554931640625	1.51207238563433321587581303901970386505126953125e-06
0.005952380952380952050528861718703410588204860687255859375	1.494017952463622123104869388043880462646484375e-06
0.005917159763313609328883035942681090091355144977569580078125	1.47628495861251707310657366178929805755615234375e-06
0.005882352941176470506601248189326724968850612640380859375	1.45886581914833612927395734004676342010498046875e-06
0.005847953216374268681221337828901596367359161376953125	1.44175317251526990958154783584177494049072265625e-06
0.0058139534883720929425710011173578095622360706329345703125	1.42493986754477219847103697247803211212158203125e-06
0.005780346820809248269135149911335247452370822429656982421875	1.4084189652319167862515314482152462005615234375e-06
0.005747126436781609115644897656238754279911518096923828125	1.39218372463556505636006477288901805877685546875e-06
0.005714285714285714280757932925780551158823072910308837890625	1.37622759510680481298550148494541645050048828125e-06
0.00568181818181818197588395236152791767381131649017333984375	1.3605442179542848180062719620764255523681640625e-06
0.0056497175141242937657093392544993548654019832611083984375	1.34512741067904784131314954720437526702880859375e-06
0.00561797752808988748451923811444430612027645111083984375	1.32997116597532993864660966210067272186279296875e-06
0.005586592178770949899957454221066655009053647518157958984375	1.31506964606842302600853145122528076171875e-06
0.005555555555555555767577313730498644872568547725677490234375	1.3004171732777791703483671881258487701416015625e-06
0.00552486187845303844401456672130734659731388092041015625	1.28600823023905519448817358352243900299072265625e-06
0.005494505494505494934409650653606149717234075069427490234375	1.2718374495790385481086559593677520751953125e-06
0.005464480874316939885970700885309270233847200870513916015625	1.257899609807822116636089049279689788818359375e-06
0.0054347826086956520230675238281037309207022190093994140625	1.24418963498573731385477003641426563262939453125e-06
0.005405405405405405705465682331123389303684234619140625	1.2307025836211238356554531492292881011962890625e-06
0.00537634408602150580536171986523186205886304378509521484375	1.21743365000259728958553750999271869659423828125e-06
0.005347593582887700223993387993459691642783582210540771484375	1.20437815553930960277284611947834491729736328125e-06
0.005319148936170212636775911363429258926771581172943115234375	1.19153154709561448498789104633033275604248046875e-06
0.005291005291005290711581210416625253856182098388671875	1.178889391884041515368153341114521026611328125e-06
0.005263157894736841986571551643692146171815693378448486328125	1.16644737457871627839267603121697902679443359375e-06
0.00523560209424083801421634376538349897600710391998291015625	1.15420129265242366045640665106475353240966796875e-06
0.005208333333333333044212754003865484264679253101348876953125	1.14214705349002798584479023702442646026611328125e-06
0.005181347150259067550759350950784209999255836009979248046875	1.130280671279848547783331014215946197509765625e-06
0.005154639175257731860402277135335680213756859302520751953125	1.11859826168458909023684100247919559478759765625e-06
0.005128205128205128200680196215444084373302757740020751953125	1.10709604272951622760956524871289730072021484375e-06
0.005102040816326530205115918903402416617609560489654541015625	1.0957703262537421551314764656126499176025390625e-06
0.00507614213197969503521544964996792259626090526580810546875	1.0846175211298714202712289988994598388671875e-06
0.005050505050505050934350759206381553667597472667694091796875	1.07363412260585988633465603925287723541259765625e-06
0.005025125628140703591684168571873669861815869808197021484375	1.06281671907737518267822451889514923095703125e-06
0.005000000000000000104083408558608425664715468883514404296875	1.0521619824288563904701732099056243896484375e-06
0.00497512437810945264138329235947821871377527713775634765625	1.0416666658130679934401996433734893798828125e-06
0.004950495049504950555163684811077473568730056285858154296875	1.03132760720381355667996103875339031219482421875e-06
0.004926108374384236508747303417976581840775907039642333984375	1.02114171729450475822886801324784755706787109375e-06
0.0049019607843137254221677068244389374740421772003173828125	1.0111059880468786786877899430692195892333984375e-06
0.004878048780487804873817747619568763184361159801483154296875	1.00121747992343301802975474856793880462646484375e-06
0.00485436893203883453040692330660021980293095111846923828125	9.9147332910387575566346640698611736297607421875e-07
0.004830917874396135035242050292936255573295056819915771484375	9.81870738936407860819599591195583343505859375e-07
0.0048076923076923079591882270733549376018345355987548828125	9.7240697927158947777570574544370174407958984375e-07
0.004784688995215310818032161677137992228381335735321044921875	9.630793886827859751065261662006378173828125e-07
0.0047619047619047623343124797656855662353336811065673828125	9.538853660284729585328022949397563934326171875e-07
0.004739336492890995622406791198955033905804157257080078125	9.4482237356086073987171403132379055023193359375e-07
0.004716981132075471518094733625048320391215384006500244140625	9.3588793348420296069889445789158344268798828125e-07
0.00469483568075117381479532951971123111434280872344970703125	9.270796248461721233979915268719196319580078125e-07
0.004672897196261681894424722116809789440594613552093505859375	9.1839508631341715272355941124260425567626953125e-07
0.00465116279069767435405680089388624764978885650634765625	9.0983200873306913081250968389213085174560546875e-07
0.004629629629629629372633559114547097124159336090087890625	9.0138813801932116120951832272112369537353515625e-07
0.004608294930875576032869300746597218676470220088958740234375	8.93061271600714690066524781286716461181640625e-07
0.0045871559633027525482162900516414083540439605712890625	8.8484925708787187659254414029419422149658203125e-07
0.004566210045662100203145428167772479355335235595703125	8.7674999271758480290372972376644611358642578125e-07
0.00454545454545454523376246669386091525666415691375732421875	8.6876142457725791246048174798488616943359375e-07
0.004524886877828054702888049831699390779249370098114013671875	8.6088154260810512141688377596437931060791015625e-07
0.004504504504504504465434155946468308684416115283966064453125	8.53108386156264941746485419571399688720703125e-07
0.004484304932735425942846863023305559181608259677886962890625	8.4544003497999398177853436209261417388916015625e-07
0.00446428571428571403789664628902755794115364551544189453125	8.37874613690559044698602519929409027099609375e-07
0.004444444444444444440589503386718206456862390041351318359375	8.3041028864361265959814772941172122955322265625e-07
0.004424778761061946841248726514095324091613292694091796875	8.230452681612376863995450548827648162841796875e-07
0.004405286343612335210606634205987575114704668521881103515625	8.1577779498243074840502231381833553314208984375e-07
0.00438596491228070151091600337167619727551937103271484375	8.0860615747635478101074113510549068450927734375e-07
0.0043668122270742355806039114440864068455994129180908203125	8.015286756535289214298245497047901153564453125e-07
0.004347826086956521791926366660163694177754223346710205078125	7.9454370960352349584354669786989688873291015625e-07
0.004329004329004329000574191610439811483956873416900634765625	7.8764965305566647657542489469051361083984375e-07
0.00431034482758620683673367324217906570993363857269287109375	7.8084493726482406827926752157509326934814453125e-07
0.0042918454935622317447663220946196815930306911468505859375	7.741280227957503257130156271159648895263671875e-07
0.00427350427350427393424769917373851058073341846466064453125	7.6749740640646990641471347771584987640380859375e-07
0.004255319148936170282893076688424116582609713077545166015625	7.6095161605227445988930412568151950836181640625e-07
0.004237288135593220324282004440874516149051487445831298828125	7.544892108857226276086294092237949371337890625e-07
0.004219409282700421585932115675632303464226424694061279296875	7.4810878081255083316136733628809452056884765625e-07
0.004201680672268907380806357565461439662612974643707275390625	7.4180894571451716501542250625789165496826171875e-07
0.004184100418410041481720451628234513918869197368621826171875	7.355883528958884198800660669803619384765625e-07
0.004166666666666666608842550800773096852935850620269775390625	7.29445679414908454418764449656009674072265625e-07
0.004149377593360995854221417999951881938613951206207275390625	7.233796299743744384613819420337677001953125e-07
0.00413223140495867780064287444474757649004459381103515625	7.173889333689231762036797590553760528564453125e-07
0.00411522633744856002058210009408867335878312587738037109375	7.1147235003454767365838051773607730865478515625e-07
0.004098360655737705131318460161082839476875960826873779296875	7.0562865917001005300335236825048923492431640625e-07
0.004081632653061224857982125513444771058857440948486328125	6.9985666872884877420801785774528980255126953125e-07
0.004065040650406504495195658677175742923282086849212646484375	6.9415521275484337593297823332250118255615234375e-07
0.0040485829959514170461876148010560427792370319366455078125	6.8852314549783244501668377779424190521240234375e-07
0.0040322580645161289203404209047221229411661624908447265625	6.8295934430029348050084081478416919708251953125e-07
0.00401606425702811208056086655915351002477109432220458984375	6.774627132610788748934282921254634857177734375e-07
0.0040000000000000000832667268468867405317723751068115234375	6.7203217124500724821700714528560638427734375e-07
0.0039840637450199202496126105188523069955408573150634765625	6.6666666642678507059827097691595554351806640625e-07
0.00396825396825396803368590781246894039213657379150390625	6.6136516385650878646629280410706996917724609375e-07
0.00395256916996047404089242860436570481397211551666259765625	6.56126648124200073652900755405426025390625e-07
0.003937007874015747976859103118840721435844898223876953125	6.5095012657945261480563203804194927215576171875e-07
0.00392156862745098033773416545955114997923374176025390625	6.4583462500156230134962243027985095977783203125e-07
0.00390625	6.407791881546387458001845516264438629150390625e-07
0.00389105058365758760263730664519243873655796051025390625	6.3578287790022613990004174411296844482421875e-07
0.003875968992248061961714000744905206374824047088623046875	6.30844776861039235882344655692577362060546875e-07
0.003861003861003861094280953381030485616065561771392822265625	6.2596398453518276028262334875762462615966796875e-07
0.00384615384615384636735058165868395008146762847900390625	6.211396168520622040887246839702129364013671875e-07
0.0038314176245210725992029754394252449856139719486236572265625	6.1637080894794138430370367132127285003662109375e-07
0.0038167938931297708433920679027551159379072487354278564453125	6.1165670872664890111991553567349910736083984375e-07
0.0038022813688212927542287022930622697458602488040924072265625	6.0699648429807240290756453759968280792236328125e-07
0.0037878787878787879839226349076852784492075443267822265625	6.02389316650686623688670806586742401123046875e-07
0.003773584905660377387948134497719365754164755344390869140625	5.9783440453653469148775911889970302581787109375e-07
0.0037593984962406012950708600328653119504451751708984375	5.9333095947522451751865446567535400390625e-07
0.0037453183520599251342397817410301286145113408565521240234375	5.88878209750731684835045598447322845458984375e-07
0.0037313432835820894810374692696086640353314578533172607421875	5.8447539863504260893023456446826457977294921875e-07
0.00371747211895910763257422360084092360921204090118408203125	5.8012177917010632199890096671879291534423828125e-07
0.00370370370370370384505154248699909658171236515045166015625	5.758166230496186699383542872965335845947265625e-07
0.0036900369003690035828169069276327718398533761501312255859375	5.7155921329155034982250072062015533447265625e-07
0.003676470588235294066625780118329203105531632900238037109375	5.673488476798382862398284487426280975341796875e-07
0.003663003663003663000485854439602917409501969814300537109375	5.6318483265815899585504666902124881744384765625e-07
0.003649635036496350244672459695038924110122025012969970703125	5.590664928778465991854318417608737945556640625e-07
0.003636363636363636360482320952769441646523773670196533203125	5.5499316309326474083718494512140750885009765625e-07
0.0036231884057971014932719722168030784814618527889251708984375	5.5096418705158356488027493469417095184326171875e-07
0.003610108303249097601306250027164423954673111438751220703125	5.4697892626354160938717541284859180450439453125e-07
0.00359712230215827356849533913418781594373285770416259765625	5.430367482350817454062053002417087554931640625e-07
0.003584229390681003581120567247353392303921282291412353515625	5.39137035016068466575234197080135345458984375e-07
0.0035714285714285713170534908300624010735191404819488525390625	5.3527918009166342017124406993389129638671875e-07
0.003558718861209964230696289888555838842876255512237548828125	5.3146258471858942584731266833841800689697265625e-07
0.00354609929078014175785060757561950595118105411529541015625	5.2768666380931250614594318903982639312744140625e-07
0.003533568904593639529998494452911472762934863567352294921875	5.2395084082501597322334419004619121551513671875e-07
0.0035211267605633803610964971397834233357571065425872802734375	5.202545503291133854872896336019039154052734375e-07
0.0035087719298245614689413240938620219822041690349578857421875	5.16597236099869405734352767467498779296875e-07
0.0034965034965034965004637701468936938908882439136505126953125	5.129783524626674307000939734280109405517578125e-07
0.003484320557491289195584105442549116560257971286773681640625	5.09397362957741961508872918784618377685546875e-07
0.00347222222222222202947516933591032284311950206756591796875	5.058537400071116962863015942275524139404296875e-07
0.003460207612456747509888099756381052429787814617156982421875	5.0234696524764643754679127596318721771240234375e-07
0.003448275862068965469386938593743252567946910858154296875	4.9887653019720090696864644996821880340576171875e-07
0.00343642611683848790693485142355712014250457286834716796875	4.9544193370110178875620476901531219482421875e-07
0.00342465753424657515235907112582935951650142669677734375	4.920426857069060133653692901134490966796875e-07
0.0034129692832764505459886006377701050951145589351654052734375	4.8867830082510721467770054005086421966552734375e-07
0.0034013605442176869479709022670022022794000804424285888671875	4.85348305545585390063934028148651123046875e-07
0.0033898305084745761726894297538592581986449658870697021484375	4.8205223091013493785794707946479320526123046875e-07
0.003378378378378378565916051456952118314802646636962890625	4.787896201730035272703389637172222137451171875e-07
0.0033670033670033668558863038100525955087505280971527099609375	4.755600191419517841495689935982227325439453125e-07
0.0033557046979865771084428072157379574491642415523529052734375	4.7236298617026051260836538858711719512939453125e-07
0.0033444816053511705090939276630024323821999132633209228515625	4.6919808394108031279756687581539154052734375e-07
0.0033333333333333335472825620371395416441373527050018310546875	4.660648833532121670941705815494060516357421875e-07
0.003322259136212624662520820351119255064986646175384521484375	4.6296296274395132286372245289385318756103515625e-07
0.0033112582781456953613663518609655511681921780109405517578125	4.5989190677886426783516071736812591552734375e-07
0.00330033003300330037010912320738498237915337085723876953125	4.5685130778405635965100373141467571258544921875e-07
0.0032894736842105261331870025287571479566395282745361328125	4.53840763636748079079552553594112396240234375e-07
0.003278688524590163931582420531185562140308320522308349609375	4.5085987954163186941514140926301479339599609375e-07
0.0032679738562091504260054275476932161836884915828704833984375	4.479082684749613463282003067433834075927734375e-07
0.0032573289902280131748180114215074354433454573154449462890625	4.449855470767261067521758377552032470703125e-07
0.003246753246753246967271078204930745414458215236663818359375	4.4209133942541001260906341485679149627685546875e-07
0.0032362459546925567872854845319352534716017544269561767578125	4.392252768159465858843759633600711822509765625e-07
0.0032258064516129032230085105226180530735291540622711181640625	4.3638699487313914460173691622912883758544921875e-07
0.003215434083601286137377162077655157190747559070587158203125	4.3357613666028527177331852726638317108154296875e-07
0.003205128205128205017004905386102109332568943500518798828125	4.307923473501062971990904770791530609130859375e-07
0.00319488817891373788615538842350360937416553497314453125	4.28035284105732216630713082849979400634765625e-07
0.003184713375796178504162359246265623369254171848297119140625	4.253046037572261184322996996343135833740234375e-07
0.003174603174603174600421073847655861754901707172393798828125	4.225999699070115411814185790717601776123046875e-07
0.0031645569620253164062895212538251143996603786945343017578125	4.19921054817251615531858988106250762939453125e-07
0.0031545741324921134675351996889958172687329351902008056640625	4.1726753241544400907514500431716442108154296875e-07
0.003144654088050314634517068412833395996131002902984619140625	4.1463908095895618544091121293604373931884765625e-07
0.003134796238244513984227967995366270770318806171417236328125	4.1203538803102901511010713875293731689453125e-07
0.003125000000000000173472347597680709441192448139190673828125	4.094561443235278375141206197440624237060546875e-07
0.0031152647975077880741767710759404508280567824840545654296875	4.069010419716079240970429964363574981689453125e-07
